1.0 0.6807320446004206 0.5337013036920907 0.01793735437886035 0.4088737674724747 0.545910933198291 0.31814028597107036 0.4328145564083339 0.0 0.0 0.0 0.2766709060264815 0.3835816063782551 0.15826266605580774 0.0 0.20080826767165616 0.2961008006620264 0.0922422205296698 0.0 0.0 0.0 0.0 0.0 0.0 0.0 0.0 0.0 0.0 0.12450606183853996 0.21053417200988134 0.024394343536084162 0.0 0.0 0.0608556646654943 0.140489243582402 0.0 0.0 0.0 0.0 0.0 0.0 0.0 0.0 0.0 0.0 0.0 0.0 0.0 0.0 0.0 0.0 0.0 0.0 0.0325027728334113 0.0 0.0 0.0 0.0 0.0 0.0 0.0 0.0 0.0 0.0 0.0 0.0 0.0 0.0 0.0 0.0 0.0 0.0 0.0 0.0 0.0 0.0 0.0 0.0 0.0 0.0 0.0 0.0 0.0 0.0 0.0 0.0 0.0 0.0 0.0 0.0 0.0 0.0 0.0 0.0 0.0 0.0 0.0 0.0 0.0 0.0 0.0 0.0 0.0 0.0 0.0 0.0 0.0 0.0 0.0 0.0 0.0 0.0 0.0 0.0 0.0 0.0 0.0 0.0 0.0 0.0 0.0 0.0 0.0 0.0 0.0 0.0 0.0 0.0 0.0 0.0 0.0 0.0 0.0 0.0 0.0 0.0 0.0 0.0 0.0 0.0 0.0 0.0 0.0 0.0 0.0 0.0 0.0 0.0 0.0 0.0 0.0 0.0 0.0 0.0 0.0 0.0 0.0 0.0 0.0
0.6807320446004206 1.0 0.3423763159440708 0.010898450721718689 0.47976286766698917 0.8135732018156374 0.16148012325922345 0.3164622461688267 0.0 0.0 0.0 0.38769980638424273 0.6271464036312748 0.38769980638424284 0.0 0.10145649135215129 0.24403127435297634 0.10145649135215129 0.0 0.0 0.0 0.009467206798626893 0.13671355180883749 0.009467206798626893 0.0 0.0 0.0 0.0 0.25926638897086696 0.44071960544691224 0.25926638897086696 0.0 0.0 0.009467217937966566 0.1367135645900892 0.009467217937966566 0.0 0.0 0.0 0.0 0.0 0.0 0.0 0.0 0.0 0.0 0.005742400470084674 0.0 0.0 0.0 0.0 0.0 0.11007249446893941 0.25429279048413755 0.11007249446893941 0.0 0.0 0.0 0.0 0.0 0.005742411567692951 0.0 0.0 0.0 0.0 0.0 0.0 0.0 0.0 0.0 0.0 0.0 0.0 0.0 0.0 0.0 0.0 0.0 0.0 0.0 0.0 0.0 0.0 0.0 0.0 0.0 0.0 0.0 0.06786599229977497 0.0 0.0 0.0 0.0 0.0 0.0 0.0 0.0 0.0 0.0 0.0 0.0 0.0 0.0 0.0 0.0 0.0 0.0 0.0 0.0 0.0 0.0 0.0 0.0 0.0 0.0 0.0 0.0 0.0 0.0 0.0 0.0 0.0 0.0 0.0 0.0 0.0 0.0 0.0 0.0 0.0 0.0 0.0 0.0 0.0 0.0 0.0 0.0 0.0 0.0 0.0 0.0 0.0 0.0 0.0 0.0 0.0 0.0 0.0 0.0 0.0 0.0 0.0 0.0 0.0 0.0 0.0 0.0 0.0 0.0
0.5337013036920907 0.3423763159440708 1.0 0.0 0.16148012325922345 0.3164622461688267 0.47976286766698917 0.8135732018156374 0.3164622300265125 0.0 0.0 0.10145649135215129 0.24403127435297634 0.10145649135215129 0.0 0.38769980638424273 0.6271464036312748 0.38769980638424284 0.10145647907241084 0.24403125975729167 0.10145647907241084 0.0 0.0 0.0 0.0 0.0 0.0 0.0 0.009467217937966566 0.1367135645900892 0.009467217937966566 0.0 0.0 0.25926638897086696 0.44071960544691224 0.25926638897086696 0.0 0.009467206798626893 0.13671355180883749 0.009467206798626893 0.0 0.0 0.0 0.0 0.0 0.0 0.0 0.0 0.0 0.0 0.0 0.0 0.0 0.005742411567692951 0.0 0.0 0.0 0.0 0.0 0.11007249446893941 0.25429279048413755 0.11007249446893941 0.0 0.0 0.0 0.0 0.005742400470084674 0.0 0.0 0.0 0.0 0.0 0.0 0.0 0.0 0.0 0.0 0.0 0.0 0.0 0.0 0.0 0.0 0.0 0.0 0.0 0.0 0.0 0.0 0.0 0.0 0.0 0.0 0.0 0.06786599229977497 0.0 0.0 0.0 0.0 0.0 0.0 0.0 0.0 0.0 0.0 0.0 0.0 0.0 0.0 0.0 0.0 0.0 0.0 0.0 0.0 0.0 0.0 0.0 0.0 0.0 0.0 0.0 0.0 0.0 0.0 0.0 0.0 0.0 0.0 0.0 0.0 0.0 0.0 0.0 0.0 0.0 0.0 0.0 0.0 0.0 0.0 0.0 0.0 0.0 0.0 0.0 0.0 0.0 0.0 0.0 0.0 0.0 0.0 0.0 0.0 0.0 0.0 0.0 0.0
0.01793735437886035 0.010898450721718689 0.0 1.0 0.5143131265157456 0.028626269809903127 0.18246672917476758 0.0 0.0 0.47976286766698906 0.8135732018156373 0.4797628520028743 0.010898450721718689 0.0 0.3164622461688267 0.16148011354084402 0.0 0.0 0.0 0.0 0.0 0.10145647000322933 0.0 0.0 0.0 0.0 0.38769980638424273 0.6271464036312748 0.3876997930753229 0.0 0.0 0.10145649135215129 0.24403127435297634 0.10145648228296977 0.0 0.0 0.0 0.0 0.0 0.0 0.0 0.0 0.0 0.009467197325101928 0.13671354093893795 0.009467189098161688 0.0 0.0 0.0 0.0 0.259266376302565 0.44071958866850003 0.25926636530123603 0.0 0.0 0.0 0.0 0.009467208464441601 0.13671355372018934 0.00946720023750125 0.0 0.0 0.0 0.0 0.0 0.0 0.0 0.0 0.0 0.0 0.0 0.0 0.0 0.0 0.0 0.0 0.0 0.0 0.0 0.005742400470084674 0.0 0.0 0.0 0.0 0.0 0.1100724944689393 0.25429279048413755 0.1100724853119528 0.0 0.0 0.0 0.0 0.005742411567692951 0.0 0.0 0.0 0.0 0.0 0.0 0.0 0.0 0.0 0.0 0.0 0.0 0.0 0.0 0.0 0.0 0.0 0.0 0.0 0.0 0.0 0.0 0.0 0.0 0.0 0.0 0.0 0.0 0.0 0.0 0.0 0.0 0.06786599229977508 0.0 0.0 0.0 0.0 0.0 0.0 0.0 0.0 0.0 0.0 0.0 0.0 0.0 0.0 0.0 0.0 0.0 0.0 0.0 0.0 0.0 0.0 0.0 0.0 0.0 0.0 0.0 0.0 0.0 0.0 0.0 0.0 0.0
0.4088737674724747 0.47976286766698917 0.16148012325922345 0.5143131265157456 1.0 0.5143131432941574 0.3423763159440708 0.182466739142624 0.0 0.010898450721718578 0.4797628520028743 0.8135732018156373 0.47976286766698917 0.01089846719940879 0.16148011354084402 0.3164622461688267 0.16148012325922345 0.0 0.0 0.0 0.0 0.24403125975729179 0.10145647907241084 0.0 0.0 0.0 0.0 0.3876997930753229 0.6271464036312748 0.38769980638424284 0.0 0.0 0.10145648228296977 0.24403127435297634 0.10145649135215129 0.0 0.0 0.0 0.0 0.0 0.0 0.0 0.0 0.0 0.009467189098161688 0.13671354093893795 0.009467197325101928 0.0 0.0 0.0 0.0 0.25926636530123603 0.44071958866850003 0.259266376302565 0.0 0.0 0.0 0.0 0.00946720023750125 0.13671355372018934 0.009467208464441601 0.0 0.0 0.0 0.0 0.0 0.0 0.0 0.0 0.0 0.0 0.0 0.0 0.0 0.0 0.0 0.0 0.0 0.0 0.0 0.005742400470084674 0.0 0.0 0.0 0.0 0.0 0.1100724853119528 0.25429279048413755 0.11007249446893941 0.0 0.0 0.0 0.0 0.005742411567692951 0.0 0.0 0.0 0.0 0.0 0.0 0.0 0.0 0.0 0.0 0.0 0.0 0.0 0.0 0.0 0.0 0.0 0.0 0.0 0.0 0.0 0.0 0.0 0.0 0.0 0.0 0.0 0.0 0.0 0.0 0.0 0.0 0.06786599229977508 0.0 0.0 0.0 0.0 0.0 0.0 0.0 0.0 0.0 0.0 0.0 0.0 0.0 0.0 0.0 0.0 0.0 0.0 0.0 0.0 0.0 0.0 0.0 0.0 0.0 0.0 0.0 0.0 0.0 0.0 0.0 0.0
0.545910933198291 0.8135732018156374 0.3164622461688267 0.028626269809903127 0.5143131432941574 1.0 0.182466739142624 0.3423763159440708 0.0 0.0 0.010898450721718689 0.47976286766698917 0.8135732018156373 0.47976286766698917 0.0 0.16148012325922345 0.3164622461688267 0.16148012325922345 0.0 0.0 0.0 0.10145647907241084 0.24403125975729179 0.10145647907241084 0.0 0.0 0.0 0.0 0.38769980638424284 0.6271464036312748 0.38769980638424284 0.0 0.0 0.10145649135215129 0.24403127435297634 0.10145649135215151 0.0 0.0 0.0 0.0 0.0 0.0 0.0 0.0 0.0 0.009467197325101928 0.13671354093893795 0.009467197325101928 0.0 0.0 0.0 0.0 0.259266376302565 0.44071958866850003 0.259266376302565 0.0 0.0 0.0 0.0 0.009467208464441601 0.13671355372018934 0.009467208464441601 0.0 0.0 0.0 0.0 0.0 0.0 0.0 0.0 0.0 0.0 0.0 0.0 0.0 0.0 0.0 0.0 0.0 0.0 0.0 0.005742400470084674 0.0 0.0 0.0 0.0 0.0 0.11007249446893941 0.25429279048413755 0.11007249446893941 0.0 0.0 0.0 0.0 0.005742411567692951 0.0 0.0 0.0 0.0 0.0 0.0 0.0 0.0 0.0 0.0 0.0 0.0 0.0 0.0 0.0 0.0 0.0 0.0 0.0 0.0 0.0 0.0 0.0 0.0 0.0 0.0 0.0 0.0 0.0 0.0 0.0 0.0 0.06786599229977508 0.0 0.0 0.0 0.0 0.0 0.0 0.0 0.0 0.0 0.0 0.0 0.0 0.0 0.0 0.0 0.0 0.0 0.0 0.0 0.0 0.0 0.0 0.0 0.0 0.0 0.0 0.0 0.0 0.0 0.0 0.0
0.31814028597107036 0.16148012325922345 0.47976286766698917 0.18246672917476758 0.3423763159440708 0.182466739142624 1.0 0.5143131432941574 0.18246672564607092 0.0 0.16148011354084402 0.3164622461688267 0.16148012325922345 0.0 0.4797628520028743 0.8135732018156373 0.47976286766698917 0.01089846719940879 0.3164622300265125 0.16148011010046415 0.0 0.0 0.0 0.0 0.0 0.0 0.0 0.10145648228296977 0.24403127435297634 0.10145649135215129 0.0 0.0 0.3876997930753229 0.6271464036312748 0.38769980638424284 0.0 0.10145647000322933 0.24403125975729179 0.10145647907241084 0.0 0.0 0.0 0.0 0.0 0.0 0.0 0.0 0.0 0.0 0.0 0.0 0.00946720023750125 0.13671355372018934 0.009467208464441601 0.0 0.0 0.0 0.0 0.25926636530123603 0.44071958866850003 0.259266376302565 0.0 0.0 0.0 0.009467189098161688 0.13671354093893795 0.009467197325101928 0.0 0.0 0.0 0.0 0.0 0.0 0.0 0.0 0.0 0.0 0.0 0.0 0.0 0.0 0.0 0.0 0.0 0.0 0.0 0.0 0.005742411567692951 0.0 0.0 0.0 0.0 0.1100724853119528 0.25429279048413755 0.11007249446893941 0.0 0.0 0.0 0.0 0.005742400470084674 0.0 0.0 0.0 0.0 0.0 0.0 0.0 0.0 0.0 0.0 0.0 0.0 0.0 0.0 0.0 0.0 0.0 0.0 0.0 0.0 0.0 0.0 0.0 0.0 0.0 0.0 0.0 0.0 0.0 0.0 0.0 0.0 0.06786599229977508 0.0 0.0 0.0 0.0 0.0 0.0 0.0 0.0 0.0 0.0 0.0 0.0 0.0 0.0 0.0 0.0 0.0 0.0 0.0 0.0 0.0 0.0 0.0 0.0 0.0 0.0
0.4328145564083339 0.3164622461688267 0.8135732018156374 0.0 0.182466739142624 0.3423763159440708 0.5143131432941574 1.0 0.3423762991656588 0.0 0.0 0.16148012325922345 0.3164622461688267 0.16148012325922345 0.010898450721718689 0.47976286766698917 0.8135732018156373 0.47976286766698917 0.16148011010046415 0.3164622300265125 0.16148011010046426 0.0 0.0 0.0 0.0 0.0 0.0 0.0 0.10145649135215129 0.24403127435297634 0.10145649135215151 0.0 0.0 0.38769980638424284 0.6271464036312748 0.38769980638424284 0.0 0.10145647907241084 0.24403125975729179 0.10145647907241084 0.0 0.0 0.0 0.0 0.0 0.0 0.0 0.0 0.0 0.0 0.0 0.0 0.009467208464441601 0.13671355372018934 0.009467208464441601 0.0 0.0 0.0 0.0 0.259266376302565 0.44071958866850003 0.259266376302565 0.0 0.0 0.0 0.009467197325101928 0.13671354093893795 0.009467197325101928 0.0 0.0 0.0 0.0 0.0 0.0 0.0 0.0 0.0 0.0 0.0 0.0 0.0 0.0 0.0 0.0 0.0 0.0 0.0 0.0 0.005742411567692951 0.0 0.0 0.0 0.0 0.11007249446893941 0.25429279048413755 0.11007249446893941 0.0 0.0 0.0 0.0 0.005742400470084674 0.0 0.0 0.0 0.0 0.0 0.0 0.0 0.0 0.0 0.0 0.0 0.0 0.0 0.0 0.0 0.0 0.0 0.0 0.0 0.0 0.0 0.0 0.0 0.0 0.0 0.0 0.0 0.0 0.0 0.0 0.0 0.0 0.06786599229977508 0.0 0.0 0.0 0.0 0.0 0.0 0.0 0.0 0.0 0.0 0.0 0.0 0.0 0.0 0.0 0.0 0.0 0.0 0.0 0.0 0.0 0.0 0.0 0.0 0.0
0.0 0.0 0.3164622300265125 0.0 0.0 0.0 0.18246672564607092 0.3423762991656588 1.0 0.0 0.0 0.0 0.0 0.0 0.0 0.16148011010046415 0.3164622300265125 0.16148011010046426 0.47976286766698917 0.8135732018156373 0.47976286766698917 0.0 0.0 0.0 0.0 0.0 0.0 0.0 0.0 0.0 0.0 0.0 0.0 0.10145647907241084 0.24403125975729179 0.10145647907241084 0.0 0.38769980638424284 0.6271464036312748 0.38769980638424284 0.24403125975729156 0.10145647907241073 0.0 0.0 0.0 0.0 0.0 0.0 0.0 0.0 0.0 0.0 0.0 0.0 0.0 0.0 0.0 0.0 0.0 0.009467197325101928 0.13671354093893795 0.009467197325101928 0.0 0.0 0.0 0.259266376302565 0.44071958866850003 0.259266376302565 0.0 0.009467197325101817 0.13671354093893773 0.009467197325101817 0.0 0.0 0.0 0.0 0.0 0.0 0.0 0.0 0.0 0.0 0.0 0.0 0.0 0.0 0.0 0.0 0.0 0.0 0.0 0.0 0.0 0.0 0.005742400470084674 0.0 0.0 0.0 0.0 0.11007249446893941 0.25429279048413755 0.11007249446893941 0.0 0.0 0.0 0.005742400470084452 0.0 0.0 0.0 0.0 0.0 0.0 0.0 0.0 0.0 0.0 0.0 0.0 0.0 0.0 0.0 0.0 0.0 0.0 0.0 0.0 0.0 0.0 0.0 0.0 0.0 0.0 0.0 0.0 0.0 0.0 0.0 0.0 0.0 0.06786599229977508 0.0 0.0 0.0 0.0 0.0 0.0 0.0 0.0 0.0 0.0 0.0 0.0 0.0 0.0 0.0 0.0 0.0 0.0 0.0
0.0 0.0 0.0 0.47976286766698906 0.010898450721718578 0.0 0.0 0.0 0.0 1.0 0.5143131432941574 0.028626269809903016 0.0 0.0 0.182466739142624 0.0 0.0 0.0 0.0 0.0 0.0 0.0 0.0 0.0 0.0 0.4797628520028744 0.8135732018156375 0.47976286766698917 0.010898450721718578 0.0 0.0 0.3164622461688267 0.16148012325922345 0.0 0.0 0.0 0.0 0.0 0.0 0.0 0.0 0.0 0.0 0.24403125148196092 0.1014564721101533 0.0 0.0 0.0 0.0 0.38769978285829 0.6271463868528628 0.3876997961672096 0.0 0.0 0.0 0.0 0.10145647532071222 0.24403126607764558 0.10145648438989374 0.0 0.0 0.0 0.0 0.0 0.0 0.0 0.0 0.0 0.0 0.0 0.0 0.0 0.0 0.0 0.0 0.0 0.0 0.0 0.13671354093893795 0.009467197325101928 0.0 0.0 0.0 0.0 0.0 0.44071958866850014 0.259266376302565 0.0 0.0 0.0 0.0 0.13671355372018945 0.009467208464441601 0.0 0.0 0.0 0.0 0.0 0.0 0.0 0.0 0.0 0.0 0.0 0.0 0.0 0.0 0.0 0.0 0.0 0.0 0.0 0.0 0.0 0.0 0.0 0.0 0.0 0.0 0.0 0.0 0.0 0.0 0.0 0.0 0.11007249446893941 0.0 0.0 0.0 0.0 0.0 0.0 0.0 0.0 0.0 0.0 0.0 0.0 0.0 0.0 0.0 0.0 0.0 0.0 0.0 0.0 0.0 0.0 0.0 0.0 0.0 0.0 0.0 0.0 0.0 0.0 0.0 0.0 0.0
0.0 0.0 0.0 0.8135732018156373 0.4797628520028743 0.010898450721718689 0.16148011354084402 0.0 0.0 0.5143131432941574 1.0 0.5143131265157456 0.028626269809903127 0.0 0.3423763159440708 0.18246672917476758 0.0 0.0 0.0 0.0 0.0 0.16148010038208493 0.0 0.0 0.0 0.010898450721718578 0.47976286766698917 0.8135732018156375 0.4797628520028744 0.010898450721718689 0.0 0.16148012325922345 0.3164622461688267 0.16148011354084402 0.0 0.0 0.0 0.0 0.0 0.0 0.0 0.0 0.0 0.1014564721101533 0.24403125148196092 0.10145646304097189 0.0 0.0 0.0 0.0 0.3876997961672096 0.6271463868528628 0.3876997828582901 0.0 0.0 0.0 0.0 0.10145648438989374 0.24403126607764558 0.10145647532071222 0.0 0.0 0.0 0.0 0.0 0.0 0.0 0.0 0.0 0.0 0.0 0.0 0.0 0.0 0.0 0.0 0.0 0.0 0.009467197325101928 0.13671354093893795 0.009467189098161688 0.0 0.0 0.0 0.0 0.259266376302565 0.44071958866850014 0.25926636530123603 0.0 0.0 0.0 0.009467208464441601 0.13671355372018945 0.00946720023750136 0.0 0.0 0.0 0.0 0.0 0.0 0.0 0.0 0.0 0.0 0.0 0.0 0.0 0.0 0.0 0.0 0.0 0.0 0.0 0.0 0.0 0.0 0.0 0.0 0.0 0.005742400470084674 0.0 0.0 0.0 0.0 0.0 0.25429279048413767 0.1100724853119528 0.0 0.0 0.0 0.0 0.005742411567692951 0.0 0.0 0.0 0.0 0.0 0.0 0.0 0.0 0.0 0.0 0.0 0.0 0.0 0.0 0.0 0.0 0.0 0.0 0.0 0.0 0.0 0.0 0.0 0.0 0.0 0.0 0.0
0.2766709060264815 0.38769980638424273 0.10145649135215129 0.4797628520028743 0.8135732018156373 0.47976286766698917 0.3164622461688267 0.16148012325922345 0.0 0.028626269809903016 0.5143131265157456 1.0 0.5143131432941574 0.02862628658831523 0.18246672917476758 0.3423763159440708 0.182466739142624 0.0 0.0 0.0 0.0 0.31646223002651264 0.16148011010046426 0.0 0.0 0.0 0.010898450721718578 0.4797628520028744 0.8135732018156375 0.47976286766698917 0.01089846719940879 0.0 0.16148011354084402 0.3164622461688267 0.16148012325922345 0.0 0.0 0.0 0.0 0.0 0.0 0.0 0.0 0.0 0.10145646304097189 0.24403125148196092 0.1014564721101533 0.0 0.0 0.0 0.0 0.3876997828582901 0.6271463868528628 0.3876997961672096 0.0 0.0 0.0 0.0 0.10145647532071222 0.24403126607764558 0.10145648438989385 0.0 0.0 0.0 0.0 0.0 0.0 0.0 0.0 0.0 0.0 0.0 0.0 0.0 0.0 0.0 0.0 0.0 0.0 0.009467189098161688 0.13671354093893795 0.009467197325101928 0.0 0.0 0.0 0.0 0.25926636530123603 0.44071958866850014 0.2592663763025651 0.0 0.0 0.0 0.00946720023750136 0.13671355372018945 0.009467208464441601 0.0 0.0 0.0 0.0 0.0 0.0 0.0 0.0 0.0 0.0 0.0 0.0 0.0 0.0 0.0 0.0 0.0 0.0 0.0 0.0 0.0 0.0 0.0 0.0 0.0 0.005742400470084674 0.0 0.0 0.0 0.0 0.1100724853119528 0.25429279048413767 0.11007249446893941 0.0 0.0 0.0 0.0 0.005742411567692951 0.0 0.0 0.0 0.0 0.0 0.0 0.0 0.0 0.0 0.0 0.0 0.0 0.0 0.0 0.0 0.06786599229977497 0.0 0.0 0.0 0.0 0.0 0.0 0.0 0.0 0.0 0.0
0.3835816063782551 0.6271464036312748 0.24403127435297634 0.010898450721718689 0.47976286766698917 0.8135732018156373 0.16148012325922345 0.3164622461688267 0.0 0.0 0.028626269809903127 0.5143131432941574 1.0 0.5143131432941577 0.0 0.182466739142624 0.3423763159440708 0.18246673914262412 0.0 0.0 0.0 0.16148011010046426 0.31646223002651264 0.16148011010046426 0.0 0.0 0.0 0.010898450721718689 0.47976286766698917 0.8135732018156375 0.4797628676669893 0.0 0.0 0.16148012325922345 0.3164622461688267 0.16148012325922345 0.0 0.0 0.0 0.0 0.0 0.0 0.0 0.0 0.0 0.1014564721101533 0.24403125148196092 0.1014564721101533 0.0 0.0 0.0 0.0 0.3876997961672096 0.6271463868528628 0.38769979616720973 0.0 0.0 0.0 0.0 0.10145648438989385 0.24403126607764558 0.10145648438989385 0.0 0.0 0.0 0.0 0.0 0.0 0.0 0.0 0.0 0.0 0.0 0.0 0.0 0.0 0.0 0.0 0.0 0.0 0.009467197325101928 0.13671354093893795 0.009467197325101928 0.0 0.0 0.0 0.0 0.2592663763025651 0.44071958866850014 0.2592663763025651 0.0 0.0 0.0 0.009467208464441601 0.13671355372018945 0.009467208464441823 0.0 0.0 0.0 0.0 0.0 0.0 0.0 0.0 0.0 0.0 0.0 0.0 0.0 0.0 0.0 0.0 0.0 0.0 0.0 0.0 0.0 0.0 0.0 0.0 0.0 0.005742400470084674 0.0 0.0 0.0 0.0 0.11007249446893941 0.25429279048413767 0.11007249446893941 0.0 0.0 0.0 0.0 0.005742411567692951 0.0 0.0 0.0 0.0 0.0 0.0 0.0 0.0 0.0 0.0 0.0 0.0 0.0 0.0 0.0 0.06786599229977497 0.0 0.0 0.0 0.0 0.0 0.0 0.0 0.0 0.0
0.15826266605580774 0.38769980638424284 0.10145649135215129 0.0 0.01089846719940879 0.47976286766698917 0.0 0.16148012325922345 0.0 0.0 0.0 0.02862628658831523 0.5143131432941577 1.0 0.0 0.0 0.18246673914262412 0.3423763159440708 0.0 0.0 0.0 0.0 0.16148011010046426 0.31646223002651264 0.16148010038208493 0.0 0.0 0.0 0.01089846719940879 0.4797628676669893 0.8135732018156375 0.0 0.0 0.0 0.16148012325922345 0.3164622461688267 0.0 0.0 0.0 0.0 0.0 0.0 0.0 0.0 0.0 0.0 0.1014564721101533 0.24403125148196092 0.10145646304097189 0.0 0.0 0.0 0.0 0.38769979616720973 0.6271463868528628 0.38769978285829 0.0 0.0 0.0 0.0 0.10145648438989385 0.24403126607764558 0.10145647532071222 0.0 0.0 0.0 0.0 0.0 0.0 0.0 0.0 0.0 0.0 0.0 0.0 0.0 0.0 0.0 0.0 0.0 0.0 0.009467197325101928 0.13671354093893795 0.009467189098161688 0.0 0.0 0.0 0.0 0.2592663763025651 0.44071958866850014 0.25926636530123603 0.0 0.0 0.0 0.009467208464441823 0.13671355372018945 0.00946720023750125 0.0 0.0 0.0 0.0 0.0 0.0 0.0 0.0 0.0 0.0 0.0 0.0 0.0 0.0 0.0 0.0 0.0 0.0 0.0 0.0 0.0 0.0 0.0 0.0 0.0 0.005742400470084674 0.0 0.0 0.0 0.0 0.11007249446893941 0.25429279048413767 0.1100724853119528 0.0 0.0 0.0 0.0 0.005742411567692951 0.0 0.0 0.0 0.0 0.0 0.0 0.0 0.0 0.0 0.0 0.0 0.0 0.0 0.0 0.0 0.06786599229977497 0.0 0.0 0.0 0.0 0.0 0.0 0.0 0.0
0.0 0.0 0.0 0.3164622461688267 0.16148011354084402 0.0 0.4797628520028743 0.010898450721718689 0.0 0.182466739142624 0.3423763159440708 0.18246672917476758 0.0 0.0 1.0 0.5143131265157456 0.028626269809903127 0.0 0.18246671567821449 0.0 0.0 0.0 0.0 0.0 0.0 0.0 0.16148012325922345 0.3164622461688267 0.16148011354084402 0.0 0.0 0.47976286766698917 0.8135732018156375 0.4797628520028744 0.010898450721718689 0.0 0.31646223002651264 0.16148010038208493 0.0 0.0 0.0 0.0 0.0 0.0 0.0 0.0 0.0 0.0 0.0 0.0 0.10145648438989374 0.24403126607764558 0.10145647532071222 0.0 0.0 0.0 0.0 0.3876997961672096 0.6271463868528628 0.3876997828582901 0.0 0.0 0.0 0.1014564721101533 0.24403125148196092 0.10145646304097189 0.0 0.0 0.0 0.0 0.0 0.0 0.0 0.0 0.0 0.0 0.0 0.0 0.0 0.0 0.0 0.0 0.0 0.0 0.0 0.009467208464441601 0.13671355372018945 0.00946720023750136 0.0 0.0 0.0 0.259266376302565 0.44071958866850014 0.25926636530123603 0.0 0.0 0.0 0.009467197325101928 0.13671354093893795 0.009467189098161688 0.0 0.0 0.0 0.0 0.0 0.0 0.0 0.0 0.0 0.0 0.0 0.0 0.0 0.0 0.0 0.0 0.0 0.0 0.0 0.0 0.0 0.0 0.0 0.0 0.0 0.005742411567692951 0.0 0.0 0.0 0.0 0.0 0.25429279048413767 0.1100724853119528 0.0 0.0 0.0 0.0 0.005742400470084674 0.0 0.0 0.0 0.0 0.0 0.0 0.0 0.0 0.0 0.0 0.0 0.0 0.0 0.0 0.0 0.0 0.0 0.0 0.0 0.0 0.0
0.20080826767165616 0.10145649135215129 0.38769980638424273 0.16148011354084402 0.3164622461688267 0.16148012325922345 0.8135732018156373 0.47976286766698917 0.16148011010046415 0.0 0.18246672917476758 0.3423763159440708 0.182466739142624 0.0 0.5143131265157456 1.0 0.5143131432941574 0.02862628658831523 0.3423762991656588 0.18246672564607092 0.0 0.0 0.0 0.0 0.0 0.0 0.0 0.16148011354084402 0.3164622461688267 0.16148012325922345 0.0 0.010898450721718578 0.4797628520028744 0.8135732018156375 0.47976286766698917 0.01089846719940879 0.16148010038208493 0.31646223002651264 0.16148011010046426 0.0 0.0 0.0 0.0 0.0 0.0 0.0 0.0 0.0 0.0 0.0 0.0 0.10145647532071222 0.24403126607764558 0.10145648438989385 0.0 0.0 0.0 0.0 0.3876997828582901 0.6271463868528628 0.3876997961672096 0.0 0.0 0.0 0.10145646304097189 0.24403125148196092 0.1014564721101533 0.0 0.0 0.0 0.0 0.0 0.0 0.0 0.0 0.0 0.0 0.0 0.0 0.0 0.0 0.0 0.0 0.0 0.0 0.0 0.00946720023750136 0.13671355372018945 0.009467208464441601 0.0 0.0 0.0 0.25926636530123603 0.44071958866850014 0.2592663763025651 0.0 0.0 0.0 0.009467189098161688 0.13671354093893795 0.009467197325101928 0.0 0.0 0.0 0.0 0.0 0.0 0.0 0.0 0.0 0.0 0.0 0.0 0.0 0.0 0.0 0.0 0.0 0.0 0.0 0.0 0.0 0.0 0.0 0.0 0.0 0.005742411567692951 0.0 0.0 0.0 0.0 0.1100724853119528 0.25429279048413767 0.11007249446893941 0.0 0.0 0.0 0.0 0.005742400470084674 0.0 0.0 0.0 0.0 0.0 0.0 0.0 0.0 0.0 0.0 0.0 0.0 0.0 0.0 0.06786599229977497 0.0 0.0 0.0 0.0 0.0
0.2961008006620264 0.24403127435297634 0.6271464036312748 0.0 0.16148012325922345 0.3164622461688267 0.47976286766698917 0.8135732018156373 0.3164622300265125 0.0 0.0 0.182466739142624 0.3423763159440708 0.18246673914262412 0.028626269809903127 0.5143131432941574 1.0 0.5143131432941577 0.18246672564607092 0.3423762991656588 0.18246672564607092 0.0 0.0 0.0 0.0 0.0 0.0 0.0 0.16148012325922345 0.3164622461688267 0.16148012325922345 0.0 0.010898450721718689 0.47976286766698917 0.8135732018156375 0.4797628676669893 0.0 0.16148011010046426 0.31646223002651264 0.16148011010046426 0.0 0.0 0.0 0.0 0.0 0.0 0.0 0.0 0.0 0.0 0.0 0.0 0.10145648438989385 0.24403126607764558 0.10145648438989385 0.0 0.0 0.0 0.0 0.3876997961672096 0.6271463868528628 0.38769979616720973 0.0 0.0 0.0 0.1014564721101533 0.24403125148196092 0.1014564721101533 0.0 0.0 0.0 0.0 0.0 0.0 0.0 0.0 0.0 0.0 0.0 0.0 0.0 0.0 0.0 0.0 0.0 0.0 0.0 0.009467208464441601 0.13671355372018945 0.009467208464441823 0.0 0.0 0.0 0.2592663763025651 0.44071958866850014 0.2592663763025651 0.0 0.0 0.0 0.009467197325101928 0.13671354093893795 0.009467197325101928 0.0 0.0 0.0 0.0 0.0 0.0 0.0 0.0 0.0 0.0 0.0 0.0 0.0 0.0 0.0 0.0 0.0 0.0 0.0 0.0 0.0 0.0 0.0 0.0 0.0 0.005742411567692951 0.0 0.0 0.0 0.0 0.11007249446893941 0.25429279048413767 0.11007249446893941 0.0 0.0 0.0 0.0 0.005742400470084674 0.0 0.0 0.0 0.0 0.0 0.0 0.0 0.0 0.0 0.0 0.0 0.0 0.0 0.0 0.06786599229977497 0.0 0.0 0.0 0.0
0.0922422205296698 0.10145649135215129 0.38769980638424284 0.0 0.0 0.16148012325922345 0.01089846719940879 0.47976286766698917 0.16148011010046426 0.0 0.0 0.0 0.18246673914262412 0.3423763159440708 0.0 0.02862628658831523 0.5143131432941577 1.0 0.0 0.18246672564607092 0.3423762991656588 0.0 0.0 0.0 0.0 0.0 0.0 0.0 0.0 0.16148012325922345 0.3164622461688267 0.0 0.0 0.01089846719940879 0.4797628676669893 0.8135732018156375 0.0 0.0 0.16148011010046426 0.31646223002651264 0.0 0.0 0.0 0.0 0.0 0.0 0.0 0.0 0.0 0.0 0.0 0.0 0.0 0.10145648438989385 0.24403126607764558 0.10145647532071222 0.0 0.0 0.0 0.0 0.38769979616720973 0.6271463868528628 0.38769978285829 0.0 0.0 0.0 0.1014564721101533 0.24403125148196092 0.10145646304097189 0.0 0.0 0.0 0.0 0.0 0.0 0.0 0.0 0.0 0.0 0.0 0.0 0.0 0.0 0.0 0.0 0.0 0.0 0.0 0.009467208464441823 0.13671355372018945 0.00946720023750125 0.0 0.0 0.0 0.2592663763025651 0.44071958866850014 0.25926636530123603 0.0 0.0 0.0 0.009467197325101928 0.13671354093893795 0.009467189098161688 0.0 0.0 0.0 0.0 0.0 0.0 0.0 0.0 0.0 0.0 0.0 0.0 0.0 0.0 0.0 0.0 0.0 0.0 0.0 0.0 0.0 0.0 0.0 0.0 0.0 0.005742411567692951 0.0 0.0 0.0 0.0 0.11007249446893941 0.25429279048413767 0.1100724853119528 0.0 0.0 0.0 0.0 0.005742400470084674 0.0 0.0 0.0 0.0 0.0 0.0 0.0 0.0 0.0 0.0 0.0 0.0 0.0 0.0 0.06786599229977497 0.0 0.0 0.0
0.0 0.0 0.10145647907241084 0.0 0.0 0.0 0.3164622300265125 0.16148011010046415 0.47976286766698917 0.0 0.0 0.0 0.0 0.0 0.18246671567821449 0.3423762991656588 0.18246672564607092 0.0 1.0 0.5143131432941574 0.02862628658831523 0.0 0.0 0.0 0.0 0.0 0.0 0.0 0.0 0.0 0.0 0.0 0.16148010038208493 0.31646223002651264 0.16148011010046426 0.0 0.4797628520028744 0.8135732018156375 0.47976286766698917 0.01089846719940879 0.16148011010046404 0.0 0.0 0.0 0.0 0.0 0.0 0.0 0.0 0.0 0.0 0.0 0.0 0.0 0.0 0.0 0.0 0.0 0.10145646304097189 0.24403125148196092 0.1014564721101533 0.0 0.0 0.0 0.3876997828582901 0.6271463868528628 0.3876997961672096 0.0 0.0 0.2440312514819608 0.10145647211015318 0.0 0.0 0.0 0.0 0.0 0.0 0.0 0.0 0.0 0.0 0.0 0.0 0.0 0.0 0.0 0.0 0.0 0.0 0.0 0.0 0.0 0.009467189098161688 0.13671354093893795 0.009467197325101928 0.0 0.0 0.0 0.25926636530123603 0.44071958866850014 0.2592663763025651 0.0 0.0 0.009467189098161577 0.13671354093893784 0.009467197325101817 0.0 0.0 0.0 0.0 0.0 0.0 0.0 0.0 0.0 0.0 0.0 0.0 0.0 0.0 0.0 0.0 0.0 0.0 0.0 0.0 0.0 0.0 0.0 0.0 0.0 0.0 0.005742400470084674 0.0 0.0 0.0 0.0 0.1100724853119528 0.25429279048413767 0.11007249446893941 0.0 0.0 0.0 0.0 0.0 0.0 0.0 0.0 0.0 0.0 0.0 0.0 0.0 0.0 0.0 0.0 0.0 0.0 0.0
0.0 0.0 0.24403125975729167 0.0 0.0 0.0 0.16148011010046415 0.3164622300265125 0.8135732018156373 0.0 0.0 0.0 0.0 0.0 0.0 0.18246672564607092 0.3423762991656588 0.18246672564607092 0.5143131432941574 1.0 0.5143131432941577 0.0 0.0 0.0 0.0 0.0 0.0 0.0 0.0 0.0 0.0 0.0 0.0 0.16148011010046426 0.31646223002651264 0.16148011010046426 0.010898450721718689 0.47976286766698917 0.8135732018156375 0.4797628676669893 0.3164622300265124 0.16148011010046415 0.0 0.0 0.0 0.0 0.0 0.0 0.0 0.0 0.0 0.0 0.0 0.0 0.0 0.0 0.0 0.0 0.0 0.1014564721101533 0.24403125148196092 0.1014564721101533 0.0 0.0 0.0 0.3876997961672096 0.6271463868528628 0.38769979616720973 0.0 0.10145647211015318 0.2440312514819608 0.10145647211015318 0.0 0.0 0.0 0.0 0.0 0.0 0.0 0.0 0.0 0.0 0.0 0.0 0.0 0.0 0.0 0.0 0.0 0.0 0.0 0.0 0.0 0.009467197325101928 0.13671354093893795 0.009467197325101928 0.0 0.0 0.0 0.2592663763025651 0.44071958866850014 0.2592663763025651 0.0 0.0 0.009467197325101817 0.13671354093893784 0.009467197325101817 0.0 0.0 0.0 0.0 0.0 0.0 0.0 0.0 0.0 0.0 0.0 0.0 0.0 0.0 0.0 0.0 0.0 0.0 0.0 0.0 0.0 0.0 0.0 0.0 0.0 0.0 0.005742400470084674 0.0 0.0 0.0 0.0 0.11007249446893941 0.25429279048413767 0.11007249446893941 0.0 0.0 0.0 0.0 0.0 0.0 0.0 0.0 0.0 0.0 0.0 0.0 0.0 0.0 0.0 0.0 0.0 0.0
0.0 0.0 0.10145647907241084 0.0 0.0 0.0 0.0 0.16148011010046426 0.47976286766698917 0.0 0.0 0.0 0.0 0.0 0.0 0.0 0.18246672564607092 0.3423762991656588 0.02862628658831523 0.5143131432941577 1.0 0.0 0.0 0.0 0.0 0.0 0.0 0.0 0.0 0.0 0.0 0.0 0.0 0.0 0.16148011010046426 0.31646223002651264 0.0 0.01089846719940879 0.4797628676669893 0.8135732018156375 0.16148011010046415 0.3164622300265124 0.0 0.0 0.0 0.0 0.0 0.0 0.0 0.0 0.0 0.0 0.0 0.0 0.0 0.0 0.0 0.0 0.0 0.0 0.1014564721101533 0.24403125148196092 0.10145646304097189 0.0 0.0 0.0 0.38769979616720973 0.6271463868528628 0.38769978285829 0.0 0.10145647211015318 0.2440312514819608 0.0 0.0 0.0 0.0 0.0 0.0 0.0 0.0 0.0 0.0 0.0 0.0 0.0 0.0 0.0 0.0 0.0 0.0 0.0 0.0 0.0 0.0 0.009467197325101928 0.13671354093893795 0.009467189098161688 0.0 0.0 0.0 0.2592663763025651 0.44071958866850014 0.25926636530123603 0.0 0.0 0.009467197325101817 0.13671354093893784 0.009467189098161577 0.0 0.0 0.0 0.0 0.0 0.0 0.0 0.0 0.0 0.0 0.0 0.0 0.0 0.0 0.0 0.0 0.0 0.0 0.0 0.0 0.0 0.0 0.0 0.0 0.0 0.0 0.005742400470084674 0.0 0.0 0.0 0.0 0.11007249446893941 0.25429279048413767 0.1100724853119528 0.0 0.0 0.0 0.0 0.0 0.0 0.0 0.0 0.0 0.0 0.0 0.0 0.0 0.0 0.0 0.0 0.0
0.0 0.009467206798626893 0.0 0.10145647000322933 0.24403125975729179 0.10145647907241084 0.0 0.0 0.0 0.0 0.16148010038208493 0.31646223002651264 0.16148011010046426 0.0 0.0 0.0 0.0 0.0 0.0 0.0 0.0 1.0 0.5143131432941574 0.02862628658831523 0.0 0.0 0.0 0.18246671567821449 0.3423762991656588 0.18246672564607092 0.0 0.0 0.0 0.0 0.0 0.0 0.0 0.0 0.0 0.0 0.0 0.0 0.0 0.010898447559307467 0.47976284599033603 0.8135731850372253 0.4797628616544507 0.010898464036997568 0.0 0.0 0.0 0.1614800966517671 0.31646222545040004 0.1614801063701462 0.0 0.0 0.0 0.0 0.0 0.0 0.0 0.0 0.0 0.0 0.0 0.0 0.0 0.0 0.0 0.0 0.0 0.0 0.0 0.0 0.0 0.0 0.0 0.0 0.0 0.38769978285829 0.6271463868528626 0.3876997961672096 0.0 0.0 0.0 0.0 0.10145646304097189 0.24403125148196092 0.1014564721101533 0.0 0.0 0.0 0.0 0.0 0.0 0.0 0.0 0.0 0.0 0.0 0.0 0.0 0.0 0.0 0.0 0.0 0.0 0.0 0.0 0.0 0.0 0.0 0.0 0.009467189098161577 0.13671354093893784 0.009467197325101817 0.0 0.0 0.0 0.25926636530123603 0.44071958866850014 0.2592663763025651 0.0 0.0 0.0 0.009467189098161688 0.13671354093893795 0.009467197325101928 0.0 0.0 0.0 0.0 0.0 0.0 0.0 0.0 0.0 0.0 0.0 0.0 0.0 0.0 0.0 0.0 0.25429279048413744 0.1100724944689393 0.0 0.0 0.005742400470084563 0.0 0.0 0.0 0.0 0.0 0.0 0.0 0.0 0.0 0.0
0.0 0.13671355180883749 0.0 0.0 0.10145647907241084 0.24403125975729179 0.0 0.0 0.0 0.0 0.0 0.16148011010046426 0.31646223002651264 0.16148011010046426 0.0 0.0 0.0 0.0 0.0 0.0 0.0 0.5143131432941574 1.0 0.5143131432941577 0.028626269809903127 0.0 0.0 0.0 0.18246672564607092 0.3423762991656588 0.18246672564607092 0.0 0.0 0.0 0.0 0.0 0.0 0.0 0.0 0.0 0.0 0.0 0.0 0.0 0.010898447559307578 0.4797628616544507 0.8135731850372253 0.4797628616544507 0.010898447559307578 0.0 0.0 0.0 0.1614801063701462 0.31646222545040004 0.1614801063701462 0.0 0.0 0.0 0.0 0.0 0.0 0.0 0.0 0.0 0.0 0.0 0.0 0.0 0.0 0.0 0.0 0.0 0.0 0.0 0.0 0.10145647211015318 0.0 0.0 0.0 0.0 0.3876997961672096 0.6271463868528626 0.3876997961672096 0.0 0.0 0.0 0.0 0.1014564721101533 0.24403125148196092 0.1014564721101533 0.0 0.0 0.0 0.0 0.0 0.0 0.0 0.0 0.0 0.0 0.0 0.0 0.0 0.0 0.0 0.0 0.0 0.0 0.0 0.0 0.0 0.0 0.0 0.0 0.009467197325101817 0.13671354093893784 0.009467197325101817 0.0 0.0 0.0 0.2592663763025651 0.44071958866850014 0.2592663763025651 0.0 0.0 0.0 0.009467197325101928 0.13671354093893795 0.009467197325101928 0.0 0.0 0.0 0.0 0.0 0.0 0.0 0.0 0.0 0.0 0.0 0.0 0.0 0.0 0.0 0.1100724944689393 0.25429279048413744 0.1100724944689393 0.0 0.0 0.005742400470084563 0.0 0.0 0.0 0.0 0.0 0.0 0.0 0.0 0.0
0.0 0.009467206798626893 0.0 0.0 0.0 0.10145647907241084 0.0 0.0 0.0 0.0 0.0 0.0 0.16148011010046426 0.31646223002651264 0.0 0.0 0.0 0.0 0.0 0.0 0.0 0.02862628658831523 0.5143131432941577 1.0 0.5143131265157455 0.0 0.0 0.0 0.0 0.18246672564607092 0.3423762991656588 0.0 0.0 0.0 0.0 0.0 0.0 0.0 0.0 0.0 0.0 0.0 0.0 0.0 0.0 0.010898464036997568 0.4797628616544507 0.8135731850372253 0.4797628459903359 0.0 0.0 0.0 0.0 0.1614801063701462 0.31646222545040004 0.1614800966517671 0.0 0.0 0.0 0.0 0.0 0.0 0.0 0.0 0.0 0.0 0.0 0.0 0.0 0.0 0.0 0.0 0.0 0.0 0.0 0.2440312514819607 0.10145646304097156 0.0 0.0 0.0 0.0 0.3876997961672096 0.6271463868528626 0.3876997828582899 0.0 0.0 0.0 0.0 0.1014564721101533 0.24403125148196092 0.10145646304097189 0.0 0.0 0.0 0.0 0.0 0.0 0.0 0.0 0.0 0.0 0.0 0.0 0.0 0.0 0.0 0.0 0.0 0.0 0.0 0.0 0.0 0.0 0.0 0.0 0.009467197325101817 0.13671354093893784 0.009467189098161577 0.0 0.0 0.0 0.2592663763025651 0.44071958866850014 0.25926636530123603 0.0 0.0 0.0 0.009467197325101928 0.13671354093893795 0.009467189098161688 0.0 0.0 0.0 0.0 0.0 0.0 0.0 0.0 0.0 0.0 0.0 0.0 0.0 0.0 0.0 0.1100724944689393 0.25429279048413744 0.11007248531195268 0.0 0.0 0.005742400470084563 0.0 0.0 0.0 0.0 0.0 0.0 0.0 0.0
0.0 0.0 0.0 0.0 0.0 0.0 0.0 0.0 0.0 0.0 0.0 0.0 0.0 0.16148010038208493 0.0 0.0 0.0 0.0 0.0 0.0 0.0 0.0 0.028626269809903127 0.5143131265157455 1.0 0.0 0.0 0.0 0.0 0.0 0.18246671567821449 0.0 0.0 0.0 0.0 0.0 0.0 0.0 0.0 0.0 0.0 0.0 0.0 0.0 0.0 0.0 0.010898447559307578 0.4797628459903359 0.8135731850372253 0.0 0.0 0.0 0.0 0.0 0.1614800966517671 0.31646222545040004 0.0 0.0 0.0 0.0 0.0 0.0 0.0 0.0 0.0 0.0 0.0 0.0 0.0 0.0 0.0 0.0 0.0 0.0 0.0 0.10145646304097156 0.2440312514819607 0.10145647211015307 0.0 0.0 0.0 0.0 0.3876997828582899 0.6271463868528626 0.3876997961672095 0.0 0.0 0.0 0.0 0.10145646304097189 0.24403125148196092 0.0 0.0 0.0 0.0 0.0 0.0 0.0 0.0 0.0 0.0 0.0 0.0 0.0 0.0 0.0 0.0 0.0 0.0 0.0 0.0 0.0 0.0 0.0 0.0 0.0 0.009467189098161577 0.13671354093893784 0.009467197325101817 0.0 0.0 0.0 0.25926636530123603 0.44071958866850014 0.259266376302565 0.0 0.0 0.0 0.009467189098161688 0.13671354093893795 0.009467197325101928 0.0 0.0 0.0 0.0 0.0 0.0 0.0 0.0 0.0 0.0 0.0 0.0 0.0 0.0 0.0 0.11007248531195268 0.25429279048413744 0.0 0.0 0.0 0.005742400470084563 0.0 0.0 0.0 0.0 0.0 0.0 0.0
0.0 0.0 0.0 0.0 0.0 0.0 0.0 0.0 0.0 0.4797628520028744 0.010898450721718578 0.0 0.0 0.0 0.0 0.0 0.0 0.0 0.0 0.0 0.0 0.0 0.0 0.0 0.0 1.0 0.5143131265157455 0.028626269809903016 0.0 0.0 0.0 0.18246672917476758 0.0 0.0 0.0 0.0 0.0 0.0 0.0 0.0 0.0 0.0 0.0 0.1614800966517671 0.0 0.0 0.0 0.0 0.0 0.8135731850372253 0.4797628459903359 0.010898447559307467 0.0 0.0 0.0 0.0 0.3164622415927141 0.16148010981052596 0.0 0.0 0.0 0.0 0.0 0.0 0.0 0.0 0.0 0.0 0.0 0.0 0.0 0.0 0.0 0.0 0.0 0.0 0.0 0.0 0.10145646304097189 0.0 0.0 0.0 0.0 0.0 0.0 0.3876997828582899 0.0 0.0 0.0 0.0 0.0 0.10145647532071211 0.0 0.0 0.0 0.0 0.0 0.0 0.0 0.0 0.0 0.0 0.0 0.0 0.0 0.0 0.0 0.0 0.0 0.0 0.0 0.0 0.0 0.0 0.0 0.0 0.0 0.0 0.0 0.0 0.0 0.0 0.0 0.0 0.0 0.0 0.0 0.0 0.0 0.0 0.0 0.0 0.0 0.0 0.0 0.0 0.0 0.0 0.0 0.0 0.0 0.0 0.0 0.0 0.0 0.0 0.0 0.0 0.0 0.0 0.0 0.0 0.0 0.0 0.0 0.0 0.0 0.0 0.0
0.0 0.0 0.0 0.38769980638424273 0.0 0.0 0.0 0.0 0.0 0.8135732018156375 0.47976286766698917 0.010898450721718578 0.0 0.0 0.16148012325922345 0.0 0.0 0.0 0.0 0.0 0.0 0.0 0.0 0.0 0.0 0.5143131265157455 1.0 0.5143131432941574 0.028626269809903016 0.0 0.0 0.3423763159440708 0.182466739142624 0.0 0.0 0.0 0.0 0.0 0.0 0.0 0.0 0.0 0.0 0.31646222545040004 0.1614801063701462 0.0 0.0 0.0 0.0 0.4797628459903359 0.8135731850372253 0.4797628616544506 0.010898447559307467 0.0 0.0 0.0 0.16148010981052596 0.3164622415927141 0.1614801195289054 0.0 0.0 0.0 0.0 0.0 0.0 0.0 0.0 0.0 0.0 0.0 0.0 0.0 0.0 0.0 0.0 0.0 0.0 0.0 0.24403125148196092 0.1014564721101533 0.0 0.0 0.0 0.0 0.0 0.6271463868528626 0.3876997961672095 0.0 0.0 0.0 0.0 0.24403126607764547 0.10145648438989374 0.0 0.0 0.0 0.0 0.0 0.0 0.0 0.0 0.0 0.0 0.0 0.0 0.0 0.0 0.0 0.0 0.0 0.0 0.0 0.0 0.0 0.0 0.0 0.0 0.0 0.0 0.009467197325101928 0.0 0.0 0.0 0.0 0.0 0.259266376302565 0.0 0.0 0.0 0.0 0.0 0.009467208464441601 0.0 0.0 0.0 0.0 0.0 0.0 0.0 0.0 0.0 0.0 0.0 0.0 0.0 0.0 0.0 0.0 0.0 0.0 0.0 0.0 0.0 0.0 0.0 0.0 0.0 0.0 0.0
0.0 0.0 0.0 0.6271464036312748 0.3876997930753229 0.0 0.10145648228296977 0.0 0.0 0.47976286766698917 0.8135732018156375 0.4797628520028744 0.010898450721718689 0.0 0.3164622461688267 0.16148011354084402 0.0 0.0 0.0 0.0 0.0 0.18246671567821449 0.0 0.0 0.0 0.028626269809903016 0.5143131432941574 1.0 0.5143131265157456 0.028626269809903127 0.0 0.182466739142624 0.3423763159440708 0.18246672917476758 0.0 0.0 0.0 0.0 0.0 0.0 0.0 0.0 0.0 0.1614801063701462 0.31646222545040004 0.1614800966517671 0.0 0.0 0.0 0.010898447559307467 0.4797628616544506 0.8135731850372253 0.47976284599033603 0.010898447559307578 0.0 0.0 0.0 0.1614801195289054 0.3164622415927141 0.16148010981052596 0.0 0.0 0.0 0.0 0.0 0.0 0.0 0.0 0.0 0.0 0.0 0.0 0.0 0.0 0.0 0.0 0.0 0.0 0.1014564721101533 0.24403125148196092 0.10145646304097189 0.0 0.0 0.0 0.0 0.3876997961672095 0.6271463868528626 0.38769978285829 0.0 0.0 0.0 0.10145648438989374 0.24403126607764547 0.10145647532071211 0.0 0.0 0.0 0.0 0.0 0.0 0.0 0.0 0.0 0.0 0.0 0.0 0.0 0.0 0.0 0.0 0.0 0.0 0.0 0.0 0.0 0.0 0.0 0.0 0.0 0.13671354093893795 0.009467189098161688 0.0 0.0 0.0 0.0 0.44071958866850014 0.25926636530123603 0.0 0.0 0.0 0.0 0.13671355372018945 0.00946720023750136 0.0 0.0 0.0 0.0 0.0 0.0 0.0 0.0 0.0 0.0 0.0 0.0 0.0 0.0 0.0 0.11007248531195268 0.0 0.0 0.0 0.0 0.0 0.0 0.0 0.0 0.0 0.0
0.12450606183853996 0.25926638897086696 0.009467217937966566 0.3876997930753229 0.6271464036312748 0.38769980638424284 0.24403127435297634 0.10145649135215129 0.0 0.010898450721718578 0.4797628520028744 0.8135732018156375 0.47976286766698917 0.01089846719940879 0.16148011354084402 0.3164622461688267 0.16148012325922345 0.0 0.0 0.0 0.0 0.3423762991656588 0.18246672564607092 0.0 0.0 0.0 0.028626269809903016 0.5143131265157456 1.0 0.5143131432941574 0.02862628658831523 0.0 0.18246672917476758 0.3423763159440708 0.182466739142624 0.0 0.0 0.0 0.0 0.0 0.0 0.0 0.0 0.0 0.1614800966517671 0.31646222545040004 0.1614801063701462 0.0 0.0 0.0 0.010898447559307467 0.47976284599033603 0.8135731850372253 0.4797628616544507 0.010898464036997568 0.0 0.0 0.0 0.16148010981052596 0.3164622415927141 0.1614801195289054 0.0 0.0 0.0 0.0 0.0 0.0 0.0 0.0 0.0 0.0 0.0 0.0 0.0 0.0 0.0 0.0 0.0 0.0 0.10145646304097189 0.24403125148196092 0.1014564721101533 0.0 0.0 0.0 0.0 0.38769978285829 0.6271463868528626 0.3876997961672096 0.0 0.0 0.0 0.10145647532071211 0.24403126607764547 0.10145648438989374 0.0 0.0 0.0 0.0 0.0 0.0 0.0 0.0 0.0 0.0 0.0 0.0 0.0 0.0 0.0 0.0 0.0 0.0 0.0 0.0 0.0 0.0 0.0 0.0 0.009467189098161688 0.13671354093893795 0.009467197325101928 0.0 0.0 0.0 0.25926636530123603 0.44071958866850014 0.2592663763025651 0.0 0.0 0.0 0.00946720023750136 0.13671355372018945 0.009467208464441601 0.0 0.0 0.0 0.0 0.0 0.0 0.0 0.0 0.0 0.0 0.005742400470084563 0.0 0.0 0.0 0.25429279048413744 0.1100724944689393 0.0 0.0 0.0 0.00574241156769284 0.0 0.0 0.0 0.0 0.0
0.21053417200988134 0.44071960544691224 0.1367135645900892 0.0 0.38769980638424284 0.6271464036312748 0.10145649135215129 0.24403127435297634 0.0 0.0 0.010898450721718689 0.47976286766698917 0.8135732018156375 0.4797628676669893 0.0 0.16148012325922345 0.3164622461688267 0.16148012325922345 0.0 0.0 0.0 0.18246672564607092 0.3423762991656588 0.18246672564607092 0.0 0.0 0.0 0.028626269809903127 0.5143131432941574 1.0 0.5143131432941577 0.0 0.0 0.182466739142624 0.3423763159440708 0.18246673914262412 0.0 0.0 0.0 0.0 0.0 0.0 0.0 0.0 0.0 0.1614801063701462 0.31646222545040004 0.1614801063701462 0.0 0.0 0.0 0.010898447559307578 0.4797628616544507 0.8135731850372253 0.4797628616544507 0.010898447559307578 0.0 0.0 0.0 0.1614801195289054 0.3164622415927141 0.1614801195289054 0.0 0.0 0.0 0.0 0.0 0.0 0.0 0.0 0.0 0.0 0.0 0.0 0.0 0.0 0.0 0.0 0.0 0.0 0.1014564721101533 0.24403125148196092 0.1014564721101533 0.0 0.0 0.0 0.0 0.3876997961672096 0.6271463868528626 0.3876997961672096 0.0 0.0 0.0 0.10145648438989374 0.24403126607764547 0.10145648438989374 0.0 0.0 0.0 0.0 0.0 0.0 0.0 0.0 0.0 0.0 0.0 0.0 0.0 0.0 0.0 0.0 0.0 0.0 0.0 0.0 0.0 0.0 0.0 0.0 0.009467197325101928 0.13671354093893795 0.009467197325101928 0.0 0.0 0.0 0.2592663763025651 0.44071958866850014 0.2592663763025651 0.0 0.0 0.0 0.009467208464441601 0.13671355372018945 0.009467208464441823 0.0 0.0 0.0 0.0 0.0 0.0 0.0 0.0 0.0 0.0 0.005742400470084563 0.0 0.0 0.1100724944689393 0.25429279048413744 0.1100724944689393 0.0 0.0 0.0 0.00574241156769284 0.0 0.0 0.0 0.0325027728334113
0.024394343536084162 0.25926638897086696 0.009467217937966566 0.0 0.0 0.38769980638424284 0.0 0.10145649135215151 0.0 0.0 0.0 0.01089846719940879 0.4797628676669893 0.8135732018156375 0.0 0.0 0.16148012325922345 0.3164622461688267 0.0 0.0 0.0 0.0 0.18246672564607092 0.3423762991656588 0.18246671567821449 0.0 0.0 0.0 0.02862628658831523 0.5143131432941577 1.0 0.0 0.0 0.0 0.18246673914262412 0.3423763159440708 0.0 0.0 0.0 0.0 0.0 0.0 0.0 0.0 0.0 0.0 0.1614801063701462 0.31646222545040004 0.1614800966517671 0.0 0.0 0.0 0.010898464036997568 0.4797628616544507 0.8135731850372253 0.4797628459903359 0.0 0.0 0.0 0.0 0.1614801195289054 0.3164622415927141 0.16148010981052596 0.0 0.0 0.0 0.0 0.0 0.0 0.0 0.0 0.0 0.0 0.0 0.0 0.0 0.0 0.0 0.0 0.0 0.0 0.1014564721101533 0.24403125148196092 0.10145646304097189 0.0 0.0 0.0 0.0 0.3876997961672096 0.6271463868528626 0.3876997828582899 0.0 0.0 0.0 0.10145648438989374 0.24403126607764547 0.10145647532071211 0.0 0.0 0.0 0.0 0.0 0.0 0.0 0.0 0.0 0.0 0.0 0.0 0.0 0.0 0.0 0.0 0.0 0.0 0.0 0.0 0.0 0.0 0.0 0.0 0.009467197325101928 0.13671354093893795 0.009467189098161688 0.0 0.0 0.0 0.2592663763025651 0.44071958866850014 0.25926636530123603 0.0 0.0 0.0 0.009467208464441823 0.13671355372018945 0.00946720023750125 0.0 0.0 0.0 0.0 0.0 0.0 0.0 0.0 0.0 0.0 0.005742400470084563 0.0 0.0 0.1100724944689393 0.25429279048413744 0.11007248531195268 0.0 0.0 0.0 0.00574241156769284 0.0 0.0 0.0
0.0 0.0 0.0 0.10145649135215129 0.0 0.0 0.0 0.0 0.0 0.3164622461688267 0.16148012325922345 0.0 0.0 0.0 0.47976286766698917 0.010898450721718578 0.0 0.0 0.0 0.0 0.0 0.0 0.0 0.0 0.0 0.18246672917476758 0.3423763159440708 0.182466739142624 0.0 0.0 0.0 1.0 0.5143131432941574 0.028626269809903016 0.0 0.0 0.18246672564607092 0.0 0.0 0.0 0.0 0.0 0.0 0.0 0.0 0.0 0.0 0.0 0.0 0.16148010981052596 0.3164622415927141 0.1614801195289054 0.0 0.0 0.0 0.0 0.4797628459903359 0.8135731850372253 0.4797628616544506 0.010898447559307467 0.0 0.0 0.0 0.31646222545040004 0.1614801063701462 0.0 0.0 0.0 0.0 0.0 0.0 0.0 0.0 0.0 0.0 0.0 0.0 0.0 0.0 0.0 0.0 0.0 0.0 0.0 0.0 0.24403126607764547 0.10145648438989374 0.0 0.0 0.0 0.0 0.6271463868528626 0.3876997961672095 0.0 0.0 0.0 0.0 0.24403125148196092 0.1014564721101533 0.0 0.0 0.0 0.0 0.0 0.0 0.0 0.0 0.0 0.0 0.0 0.0 0.0 0.0 0.0 0.0 0.0 0.0 0.0 0.0 0.0 0.0 0.0 0.0 0.0 0.0 0.009467208464441601 0.0 0.0 0.0 0.0 0.0 0.259266376302565 0.0 0.0 0.0 0.0 0.0 0.009467197325101928 0.0 0.0 0.0 0.0 0.0 0.0 0.0 0.0 0.0 0.0 0.0 0.0 0.0 0.0 0.0 0.0 0.0 0.0 0.0 0.0 0.0
